12627552
13011432
12636016
12648796
12744156
12984308
12650060
12710492
12780312
14069560
12748188
12763808
15119320
15149964
12709900
12759352
12714576
13050900
12741356
12674112
12658028
15706932
12784460
12670780
13674872
13466712
12692812
12707772
13641820
13386188
12697824
12709796
13522532
13443796
12764884
12645376
13543684
13393860
12664044
12702904
12694208
13200856
12643128
12709000
13751844
13570532
12636252
12599660
13560528
13407296
12768376
12605880
13548160
13511320
12709536
12761348
13570620
13586284
12867576
12669152
13671596
13299736
12791820
12775820
13859340
13284808
12704396
12689340
13646964
13450880
12637068
12750044
13833480
13106332
12726116
12633460
12862612
13326000
12776620
12709724
13823660
13216500
12709916
12781556
13798712
13293812
12717720
12734816
13681624
13257296
12849736
12664140
13664168
13244652
12861396
12691852
13645872
13512356
12882836
