49754720
44240588
45808424
44509780
45281648
45098016
44212348
44244216
44451392
44269204
44241440
44227132
45361464
45923148
46055276
46232604
46184176
46078592
46332824
46026536
44293308
45438044
44354544
45543860
44397980
45383052
45531652
44150908
44436052
44220116
44147900
44202864
45362512
45356088
44179640
44149972
44176160
44157752
45425508
44214516
45288056
44193376
44987324
44209448
44340636
44205292
45328948
45482320
45381228
44421684
44230760
44178140
44193952
45337180
45244276
44164488
44183808
44190668
44151592
44227632
45216224
45316984
44060984
44232348
45252676
44120432
44222020
45299424
45339604
44176340
44825368
44157876
44124092
44204832
44091676
44178744
44113584
44078956
44100176
44157752
44168304
44220032
43999236
44092820
44067436
44118628
44251008
45179648
44282652
44135792
44787856
44178556
45109256
45346688
47415488
44410844
44136436
44250276
44059824
45326544
