1927020
1615384
3208240
1807772
1574952
1578708
1533928
1518512
1526332
1541488
1530628
1524416
1522968
1517064
1547148
1572196
2417120
3713652
2207064
1549604
1566556
1562952
1511956
1529432
1526068
1515248
1521696
1512968
1523544
1537812
1561040
1526668
1527444
1508656
1520056
1527548
1623240
1539252
1557772
1555952
1530372
1516304
1520632
1531568
1530044
1503708
1589932
1697260
2115532
3413908
2997524
1528844
1558604
1566256
1589516
1542300
1513300
1519656
1510296
1519460
1526864
1519256
1532236
1535616
1556712
1531332
1528888
1519168
1525644
1506868
1514116
1521876
1575612
1538024
1512552
1516068
1519772
1519996
1559608
1812892
3440848
3261204
1563256
1527952
1523388
1521268
1522392
1551988
1593328
1533588
1509592
1536312
1513668
1528796
1529692
1522580
1521748
1548332
1542992
