7766120
2939483
2279320
3477984
1884032
1871672
1867236
1879964
1869848
1914756
2024296
1915116
1909404
1920212
2332128
3915688
2928308
1933704
1906456
1904020
1917220
1900792
1902852
1949872
1923768
1910704
1916004
1919252
1896052
1899612
1905656
1949016
1908144
1901980
1902880
1917024
1897904
1948760
2005964
1998164
3049904
4277164
1875940
1883792
1928416
1871452
1869588
1901824
1894224
1903256
1936076
1927976
1922460
1919300
1922840
1899244
1902860
1929940
1912936
1934732
1902204
1897484
1908924
1902100
1941288
3127360
4260744
1927508
1906852
1909788
1926100
1900216
1928432
1905176
1916412
1903576
1897816
1899920
1989404
1949544
1907164
1904504
1900028
1898068
1898796
1908596
1925880
1929544
1934752
1927692
2846776
3735488
2545472
1928380
1939436
1908720
1913928
1901672
1916728
1914852
