14805604
6453912
7357068
9354588
6404876
6387796
6453904
6447324
6431192
6410388
7499916
9586316
6420848
6433236
6411352
6429664
6524164
6546856
10472120
6361348
6368632
6459908
6495948
6525328
6472472
10293880
6407152
6448172
6443356
6489780
6369736
6416156
7338168
9065616
6451396
6457688
6386076
6467380
6396068
6414304
10367964
6289164
6316016
6424576
6415696
6491836
6429512
7364256
9149432
6388476
6314016
6392876
6497612
6391372
6478436
10146504
6409804
6374924
6483428
6361080
6490340
6354276
7472256
9032992
6462860
6384508
6480920
6352532
6511620
6459836
10030184
6366344
6488092
6384392
6453460
6552264
6500440
7325232
9037412
6352064
6471064
6393800
6433704
6395620
6471036
9859988
6460628
6361484
6507276
6390864
6387976
6446764
7474376
9202104
6435096
6369532
6482196
6420704
6364956
6457772
