15773660
7759392
10890524
7659596
7601152
7607440
7729824
7810676
8669148
9890900
7799860
7759416
7814176
7845492
8159956
10748004
7790196
7759188
7765120
7725756
7777292
10913772
7620740
7631648
7729368
7786580
7754112
10969400
7593480
7662808
7613868
7777824
7721468
9410432
9116360
7718908
7746608
7737672
7786328
8435972
10053048
7766524
7763672
7799272
7880144
7758948
10784168
7754712
7775820
7859200
7705980
7808652
10584052
7789340
7807132
7715592
7754404
7707288
9848684
8543320
7744448
7766752
7843288
7821104
8499996
10115844
7609536
7728784
7807032
7736636
7855952
10665940
7719024
7843996
7751480
7784764
7736444
10956456
7640412
7763856
7822168
7825508
7801804
9360700
9188928
7815356
7755164
7744864
7742736
8516868
10036268
7698360
7839904
7689488
7746060
7779580
10857552
7620312
7636504
7861980
