55642604
32381632
33764192
30555000
34125324
33863640
30920496
33818452
32532680
32352080
33897976
30904752
33838520
33892008
30931244
33861092
33807048
30877268
33838408
31893200
33082152
34245676
31000284
34063256
33815044
30895956
33861584
33957764
30721464
33928088
32326960
32433980
33920368
30984328
33986192
33885588
30922032
35389144
35548532
34277452
33935632
34151908
32527364
33730048
35552128
32608524
33684356
33832856
32574116
33723028
30943692
33714604
33940788
30967108
34021520
33903380
30965812
33830732
32969244
31881564
33747176
30871800
33762684
33944544
30923964
33721020
33808912
30865284
33891452
31317960
33197284
33714468
30747108
33971252
34060552
30937536
33745368
31048732
33791332
34145912
31264280
34068824
34279560
30934188
34227400
33924500
31041096
33862976
31619476
33097800
33966428
31146268
34507424
34295708
31022684
34090992
34159004
31002740
33898524
31346128
