55947056
27364552
29060796
25682616
29316572
25622496
29241980
25630028
29472572
25660604
29349228
26002004
29341404
25749252
29164100
26589716
28417428
29218612
25622796
29255240
25922820
29359592
25516524
29505728
25764760
29344312
25931068
29283580
25834932
29260448
28803876
25916332
29490760
25726116
29230248
25301596
29215104
25711452
29140016
25986100
29566112
25778868
29296144
27851524
27547048
29587460
25601168
29397568
25645436
29342680
25506948
29474208
25748552
29303968
25745612
29240640
26003692
29078900
28957256
26211828
29374672
25627740
29465968
25711952
29618840
25701376
29731260
25517784
29823592
25728368
29365292
27725620
27038616
29253512
25677260
29171284
25530584
29295612
25629116
29337080
25598968
29147300
25264792
28998012
25695616
29471084
26672308
28596364
29869148
25508788
29648244
25511884
29441236
25692132
29150604
25754100
29277288
25664308
29089480
25470228
