1227375
818159
842427
830850
820148
803887
803947
833544
804669
834921
805290
867629
805052
836664
803675
836162
805613
836927
804848
569677
379400
378544
378920
409644
394660
396576
396640
397088
380912
378924
376648
394968
378148
378204
379312
378652
407224
378544
378792
378480
389076
378320
378308
379184
384416
378320
379296
378412
379000
389576
378300
378400
379008
399412
392128
379196
378664
378400
395620
379224
378532
378916
389044
379340
379104
378932
395948
378888
378820
378080
378820
392828
378716
378300
378960
389304
378388
378164
379780
390740
382628
384500
384396
379504
393752
392320
397672
396452
399524
384140
379180
378812
385684
378416
378348
379016
440452
412788
376840
379048
