4234199
3800710
2172700
2266856
1825328
1802044
1798264
1803532
1801456
1798268
1798152
1862660
1798568
1848852
1804760
1799156
2057592
2392840
1834120
1797844
1796932
1808508
1798164
1796548
1799400
1795148
1843840
1803960
1844072
1800624
1807712
1796928
1797568
1797616
1796420
1797492
1795740
1798996
1799496
1796020
1796988
1837204
1792676
1795360
1792296
2050192
2361340
1849308
1800384
1796192
1816528
1798308
1797796
1798180
1798452
1803684
1852568
1797000
1795532
1841352
1810176
1798264
1836984
1809300
1799888
1804768
1800808
1799008
1800480
1796988
1846228
1803064
1800144
2054124
2398716
1854996
1804660
1801920
1799200
1815144
1802920
1798808
1804296
1798904
1800756
1854160
1798812
1796340
1888200
1803428
1834120
1792000
1794196
1791920
1792248
1792556
1791252
1793520
1791036
1799076
