9067208
6319328
7641928
6800944
6319532
6289452
6336604
6392332
6312416
6291140
6336044
6890844
6294172
6283568
6290772
6290776
6318696
6268804
6300412
6962972
6275492
6282688
6284520
6285988
6294060
6339964
6278864
6926156
6287452
6269412
6301316
6339832
6292376
6282676
6355108
6880104
6282564
6319016
6307060
6271840
6278572
6283080
6273632
6970816
6309868
6310364
6285424
6324012
6282092
6296168
6292784
6888064
6296008
6304212
6296060
6290860
6320428
6281700
6318200
6889104
6295500
6335056
6291784
6293828
6287896
6291460
6282892
6938636
6293604
6293732
6289376
6291312
6304972
6285724
6338520
6900680
6281968
6285636
6304880
6281880
6306668
6282604
6313536
7849644
6258596
6245380
6236140
6460064
6264168
6308192
6301116
7821832
6284036
6291796
6273116
6388384
6350136
6235972
6282352
7813272
