126692
92302
91664
82968
83512
91877
91698
89114
91707
88978
91749
113118
89241
91868
71842
81082
84720
86708
67915
83861
70507
82416
76993
71876
70465
70261
70635
67694
66207
65594
89692
66147
65611
65306
65612
65569
65561
65365
65365
65509
65688
65357
65382
65824
65450
65229
65510
65450
65373
65340
65484
65544
80087
67065
65493
65467
65382
65526
65714
65297
65399
65356
65272
65527
65450
65552
65272
65280
65535
65475
65645
65611
65425
65399
78106
66750
65756
65467
65144
65373
65493
65476
65484
65459
65875
65314
65305
66113
65560
65348
65527
65714
65365
65288
65527
65594
65374
84787
66088
65773
