31895740
30005548
29023916
30060020
29682056
29270252
30024380
28995184
30037576
28896944
30052620
28968560
30235960
29986248
29005248
29942460
28978104
29911784
29115976
30032312
29904036
28884564
29017352
28811316
28960720
28841564
29005968
28841560
28908888
28939744
28815884
28968832
28787908
28925588
28875604
28911000
28834608
28934852
28989616
28815436
28932800
28815352
29116924
28839036
28986016
28847128
28973260
28954236
28799540
28952112
28840208
28926816
28819280
28909804
28835308
28865608
28951096
28805668
28901592
28791352
28905140
28794460
28952760
28783112
28922320
28936120
28799528
28944348
28768004
28982180
28801928
29997956
28871836
30140392
29968512
28997344
28961112
28786776
28875304
28839208
28903420
28808532
28942040
29908480
28875720
29535412
28965856
28948140
28779508
29431228
28839952
28922144
28921528
28802004
28949980
28790628
28907228
28809136
28970948
28828340
