268651
241732
279421
240363
240924
241196
240499
241621
240355
264843
240261
239028
238748
240397
241298
240609
281639
240746
240966
240269
240372
240924
275638
365687
279650
257924
266084
267384
264231
240695
241596
240423
240270
239828
252603
239097
240975
240116
240610
240465
240270
288457
136990
137194
136724
137258
137410
137190
137870
137254
138308
137258
147594
136680
137304
136850
137450
137820
149128
149618
178368
166006
164806
185942
161988
160828
160466
159948
159596
160234
160344
183846
162954
174488
158538
144684
145304
144692
145266
144266
144776
144976
144922
145282
172048
144746
144964
144246
144884
144692
144750
145502
144798
144836
144674
150646
144402
143154
143326
142650
