576920
155108
155669
182962
157429
157785
156247
156255
156307
157581
157658
158210
156391
167688
155771
155550
157258
157267
155652
156196
154947
156740
157191
171071
155541
157224
155448
156638
157726
154862
155754
156910
156332
178194
155677
156205
155856
156391
156714
156298
156638
155983
156153
171904
155533
156672
155525
156111
155397
155185
155949
155780
155388
167101
154760
157497
156307
156706
155057
155814
155380
155745
156315
174394
88850
89012
89178
88778
89338
88658
89374
90368
88716
88792
90560
101724
100368
103952
105588
122884
96102
127106
177740
100058
97138
96908
103976
101978
102238
105536
104970
106284
106794
103500
100708
100092
105774
105646
321874
102812
