4041120
2105300
2078756
2253468
3188032
1739720
1697880
1705720
1814908
2441896
1915876
3082856
1734564
1742972
1701368
1707796
1789228
1696804
1697708
1701992
1759940
1698100
1688308
1645116
1672312
1596936
1609836
1597660
1607292
1657000
1609152
1602924
1603388
1709192
1633548
1616096
1618916
1697780
1720644
2347256
3145688
1689668
1647868
1600128
1614936
1653628
1797768
1821672
3190856
1624888
1616868
1607256
1607728
1612616
1659420
1674360
1611760
1608388
1595504
1614824
1622004
1645760
1609344
1612728
1675992
1691700
1625376
1724620
2358380
3155172
1699160
1650296
1623104
1683432
1600416
1594740
1657828
1609240
1602680
1599052
1713052
1645360
1606784
1599400
1599352
1608348
1624956
1654212
1656728
1606192
1609116
1606604
1602444
1657600
1649604
1613940
1607160
1825456
2409628
3173972
