31867
7463
6775
6681
6664
6664
6715
6732
6715
6673
6664
6664
6706
6724
6639
6698
6706
6655
6698
6689
6681
6664
6715
6656
6698
6698
6707
6664
6690
6672
6647
6698
6681
6664
6656
6664
6673
6638
6715
9622
9189
8458
6639
6639
6664
6715
6647
6689
6698
6656
6681
6656
6706
6681
6656
6749
6690
6690
6707
6664
6706
6672
6698
6681
6664
6681
6707
6621
6681
6689
6673
6732
6715
6656
6689
6690
6707
6647
6681
6672
6689
6656
6681
6664
6681
6698
6656
6656
6715
6792
6647
6681
6672
6707
6715
6622
6681
6681
6698
6672
