4093076
2268660
2402008
3202408
1786112
1735420
1742688
1734908
1740072
1867160
2440440
1974800
3249652
1731304
1787272
1737496
1731744
1727980
1816856
1718608
1726764
1744124
1725100
1731244
1782776
1745192
1884756
1734268
1732472
1735720
1767620
1724176
1749764
1722560
1803876
1715656
1771972
1707500
1802544
2625968
2755116
2377480
1776236
1798572
2027700
2721792
2387620
1755196
1778852
1876744
1758988
1750448
1748096
1761792
1751676
1844312
1804232
1727736
1733732
1739048
1745236
1725976
1777888
1736964
1825016
2609956
3307884
1842600
1750392
1721156
1918460
1720252
1727104
1732596
1734824
1729868
1732528
1789128
1754208
1720096
1716276
1714596
1728184
1753376
1720212
1749140
1858904
1727924
1738628
1716508
1717956
1712320
1836520
2641064
3293744
1732712
1735468
1763608
1733000
1717992
