45594
11985
10574
10047
10804
10735
10676
10276
11279
10769
10574
10395
9801
7642
7378
7582
7582
7625
7624
7404
7480
7497
7523
7446
7624
7420
7607
7676
7633
7548
7752
9698
10948
12002
11339
10744
7667
7489
7684
7624
7701
7616
7514
7693
7582
7650
7395
7386
7727
7463
7607
7471
7531
7488
7370
7489
7624
7446
7556
7752
7497
7455
7531
7684
11042
11407
7845
7523
7387
7616
7420
7531
7480
7591
7616
7684
7607
7667
7463
7565
7608
7726
7684
7539
7591
7548
7565
7633
7446
7463
7624
7488
7480
7344
7582
7437
7523
7463
7344
7446
