615953
180447
181058
181866
182886
179800
180515
182835
181458
199538
179197
179537
181789
180234
180412
179911
180251
194369
176945
179690
179435
179291
179588
180140
180081
179537
195202
179597
179665
179443
179962
180430
179766
179308
179163
193647
179503
178475
179248
180770
180506
180217
179061
180863
191590
180523
178951
180302
198730
183455
146715
150018
172215
239316
141311
140668
140896
143099
129992
140454
139689
148296
150812
180982
150224
173798
368412
163370
144262
142074
137389
136024
186850
103152
102856
102400
103368
101172
102800
109352
105508
106416
101964
102324
94280
103252
126384
101156
100508
102144
84320
140800
219528
221180
223684
249480
269240
138628
99668
101232
