20475528
17418904
17478232
17622812
17411620
17548872
17618184
17374528
20378556
17938408
17408564
17553660
17462592
17422036
17620652
17487580
17368516
18865364
17379904
17408900
17820268
17547556
17635252
18839944
17447676
17516424
18763204
17381344
17731800
18708884
17498544
17496692
18736392
17349936
17514556
18764416
17532104
17436348
18220788
17522896
17445536
17702544
17402064
17504084
17653556
17381124
17395188
17730036
17430476
17622200
18653840
17418900
18711684
17674208
17411492
18946364
17483956
17594460
18905032
17406788
17381256
18908596
17450420
17565236
18307844
17382288
17578328
18865452
17453648
17421796
18852788
17670616
17524724
18763120
17542328
17386920
17648892
17373984
17464904
18769276
17478076
17804552
18483152
17522124
17460276
17630624
17368396
17443620
17650156
17396140
17605796
17692960
17421332
18938944
17472880
17528268
18862300
17407724
17385764
17697756
