12052156
6968908
4915740
7833152
7870280
7860216
7858620
7855692
8354068
7819952
7873744
5412112
4139764
4629348
7880864
7887608
8271084
7653048
7863228
7811140
7888096
5646084
3905308
4129516
4755048
3945268
3938688
3919052
3925428
3988896
3988852
3944648
4009524
4046176
3941180
3977948
5298724
5012848
3946904
3984392
4166020
4032916
4009624
4070024
4004332
3957736
4033756
4043836
4931884
5163036
3966008
4098676
4059572
4062952
3959536
3949632
4172948
3918652
3985296
3928936
4030228
5834660
3910492
4012752
3947560
3909440
4071824
3969816
3994424
3893928
3983628
3991712
3931912
5380644
4878696
3938824
4008116
4032812
3931828
3906864
4114936
3896600
3884200
3918644
4006244
4200696
5563404
3967700
3959648
3959236
4094176
3981076
4107112
3949888
3976960
3972088
4138424
4129476
5350376
4421256
