1322068
435102
396682
402008
389084
391552
387306
409696
385028
386388
385492
401302
388698
389624
387876
395964
388816
389360
385084
385778
400350
389042
388710
386108
406886
385398
385760
386444
452993
327428
319696
318608
317200
330484
341604
334052
321384
319584
329024
318344
318780
317928
317668
336700
318808
319184
320068
317832
319556
325732
320180
324396
345912
346296
351140
334468
411756
558808
448172
608484
424180
432304
531004
602184
470476
372292
323256
333912
319352
337816
319224
318988
318876
319328
332880
317188
317152
317768
317856
347724
318856
317900
318620
316516
330196
317900
317764
316548
317392
318412
320680
317424
317536
317180
318624
329404
319368
318232
362164
326904
