1294552
502340
424836
419992
447040
437884
596852
741960
460836
370408
338240
331860
332496
332096
328556
335140
321880
325444
325564
325896
332924
326464
324832
324676
323720
333820
323996
324184
325320
326028
334132
326220
326260
326516
327532
326496
325832
326028
328900
326316
325844
361104
324196
326796
326328
375736
325624
325992
352136
350072
343480
328988
327252
326080
326088
332724
323836
326940
324236
324504
325516
328080
325164
323884
323584
326820
336188
326244
335000
338384
336112
341544
332192
389472
424608
550656
619788
484204
464172
445680
435648
561060
658436
537820
517776
344116
339684
335532
339200
355272
339556
334960
328892
328716
347408
324736
324616
328064
324432
343456
