1654372
663890
613440
598150
653004
764564
620493
439960
441164
489092
456980
712136
917500
585940
355712
343500
328992
330668
328468
328036
338564
329220
328940
328028
328720
335976
327792
328928
328388
327980
340108
329276
329676
328636
329768
336536
328356
328724
329256
326568
335176
326328
328588
325260
326516
336628
331668
331068
330136
373880
345320
326688
329972
329816
327176
361700
328860
326608
327732
327344
335096
327400
326744
326304
332688
340380
336960
350628
357968
344296
353028
439000
642016
727172
470068
454388
466388
531128
834392
916440
436596
337884
342496
325476
326200
325684
325996
334000
324696
330004
323160
326608
335560
326932
326048
325248
325184
347588
325944
324740
