1460492
510572
440668
471736
465392
753796
596720
554200
341248
337104
348540
332920
332308
330324
328780
340020
327748
347692
358316
333384
341800
329812
344424
332504
330796
326820
328024
326192
326540
326752
335200
328620
335292
382588
382512
370376
368116
365476
371428
354140
335948
330328
368164
331976
365088
329892
335528
332384
329664
334900
328372
327732
326736
326964
335772
326968
334728
330472
328624
335224
330932
328024
327528
334084
365060
362096
350936
343880
454244
455096
609284
678584
478432
445952
572368
681304
524260
432040
330680
331328
327948
328432
336556
332244
331096
327352
328680
352568
327964
329172
327624
326672
336448
329836
352600
344036
334044
340328
330160
328812
