2261840
881852
1579980
1378076
781844
812924
836716
770244
773096
756564
747304
769976
750844
771420
751568
802560
761012
771436
783068
787168
821012
850024
756004
774032
758932
772344
759884
838660
829300
1340408
1005612
886456
2113976
815740
764124
775916
756364
814772
814948
803452
757092
775360
757696
749856
769100
746684
771104
753256
773196
760584
797196
760080
772908
884364
838388
761044
870388
763856
777980
755180
771436
755564
752536
784656
776572
788068
773208
840116
815604
809716
753740
776528
768424
784644
764644
799904
761976
773916
757520
773956
758164
746304
795032
755868
775896
751044
772108
751564
825240
806980
826332
828348
1114212
1457048
1727092
1458116
764564
773212
789208
834668
