1390687
393076
338816
346196
330180
329664
329868
328176
339568
329960
326476
325904
326252
338876
335600
333224
329504
328720
338392
324716
324244
325832
326692
338212
328572
327744
327460
328384
335520
325328
323988
330476
326704
354136
341288
328304
325744
325816
335676
320128
328236
322924
321916
331740
323312
324240
321564
322428
330220
320880
323576
320876
321648
344096
321700
322784
321236
323244
321912
330420
322048
322788
320400
321136
330396
320452
320484
321936
324920
358900
352348
346592
349276
379924
377852
530044
602740
399016
356068
347288
352872
669424
683104
401212
370744
325112
325208
323908
322836
333744
324084
324920
323536
326104
346172
329712
326852
324060
324596
343176
