81296204
71005700
68570104
68333236
67938828
67559800
68189076
68662628
67171924
67186920
67183728
67128800
67271524
67271012
68223792
68187672
68530784
68224692
68016460
67239616
68122616
68103892
67224552
67286072
68252752
67944564
67351868
67288100
68103764
68120568
68099184
67925316
68091480
67145804
67214388
68042820
67196432
67310540
68302164
68213672
68664108
68285640
68011428
67942268
67188176
67129124
67174596
67152884
67165356
68723632
68365096
68295836
68670420
68203748
67979936
67195136
67160920
67147616
67254796
68078928
68093432
67887504
68062028
68123988
67888268
68052960
67967440
67631956
68179268
67295608
68666092
67197236
67208808
67232548
68099128
68044316
67931524
68182500
68179252
68069476
69607252
68882012
68087504
68946200
68110724
68221412
67302632
67572668
69442968
69420576
69693124
68251520
68601072
68288620
67318856
67830592
68245040
68711264
68892192
67308032
