92434236
78724736
78118648
78676412
79227712
79635212
79533324
78752220
79479564
78642208
79737120
78966740
78605420
78614952
78626984
78994288
81040836
78774096
78734644
79822828
79020416
78503716
78079404
78201916
79139276
79704120
78333684
79394992
82561676
79592952
79316960
78780248
78722560
79425836
79438972
78877324
78583204
78587252
79424904
78565044
78585724
78622936
79638004
80374536
78736084
78718920
78651984
78909300
81918104
80047696
79436620
79276380
79023240
78562260
78532020
78596476
78756916
78539052
79229676
79278084
82495008
78947916
79220596
78611536
78571124
79148412
78501820
79040684
78535748
78522508
79521148
79346608
78649156
78536712
78490676
78639948
78436696
78584736
78523444
79065140
79565704
80343668
78920332
79090788
79356488
78878692
78512364
78558600
79307980
79937020
79137652
79217076
81664072
79080028
80125528
78632128
78462208
79935088
78478040
79006744
