264125652
251580184
251267528
250896144
251233096
250781036
251872252
250819872
250693728
251285056
250694172
251726900
251975072
253551996
252437136
250763784
250848988
250560908
276615604
251927888
250731700
249778200
249351832
249378604
249389372
249350176
249437360
249432132
249475012
249517204
250844336
249653428
249556132
249490696
249584356
250874172
250710332
251173024
250089932
249526504
249387056
249694140
250939668
250983920
250971592
250854784
250128228
249844032
250769340
250940172
249943044
249620148
249438416
249721644
250774504
249413368
249481916
249627404
250245712
250801052
249603696
249358048
250259860
249553740
250670672
250755780
249505560
250213980
250288676
250717084
250225640
249396664
249348708
249384116
250526012
250483868
249463692
249465324
249375760
249423196
249492020
249429652
249714668
249323552
249474372
250880812
250959036
250077720
251682772
250848240
250986696
249851096
249243648
249368924
249524808
249480092
249642584
249342088
249516988
250868060
