320646680
276196840
272346244
272657996
272469988
272543232
272457448
272459804
272869056
272582112
272373052
273496368
274553536
273048796
272345440
272376508
272351828
272417276
272318720
272372984
272378712
272399616
274004932
272438720
272333292
272327396
272385976
273040856
272354712
272402068
273074972
272150488
272340184
273023496
274599208
273003384
276207708
272981412
272676868
273812808
273290704
272930840
274699744
273292504
272346820
275879512
272987456
273173576
273758716
273018964
272284760
275049816
274297484
272635800
273023672
275618292
272632192
272735632
272335956
272839356
274576836
273592732
272592204
272683208
276023772
274142356
273940684
272463600
273896272
273153308
274988388
273045472
272382516
275717732
272959044
273685216
272431172
272862816
273228780
275363032
273722500
272343584
274825780
273917192
273150856
272480028
272426616
273203020
274720612
273861044
272836384
273563500
277355524
273452988
272669752
272343164
273595952
273199820
275428484
273082576
