44994344
34411876
33802428
33458564
33612680
33591972
33629236
34815072
33661764
33590292
34598396
34659312
33617552
33706576
33643704
33528164
33646496
33623280
33521152
33720848
34552608
33628540
34583888
34736424
33553332
34581576
34549100
33602712
33708736
33605804
33510292
33645152
33571640
33714812
33653004
33564316
33639596
34557936
33661628
34569328
33711096
33497544
33686684
33602640
33552628
34611360
33677860
33513856
33641340
33670004
33585784
34618020
33741320
33645092
33636788
33594672
34726448
34632336
33731816
34622928
34622764
33614900
34724044
34582640
33652408
34645316
34672668
33712316
34557664
33787944
33614092
33788736
34816432
33645868
34766884
34587932
33763344
34646484
34700144
33675532
33682772
33695656
33562332
34592120
34602600
33624040
33712324
33744944
33563808
33606912
34598080
33631468
33742728
34519740
33750268
34620684
34720004
33675856
34567504
34483180
