53220676
41988684
42264248
42294216
42395600
41980640
41274868
42121572
42390468
42128584
42226060
41131612
42127576
42236472
42275628
42071296
41239952
42290484
41245008
42140640
42357136
41700148
41877428
41999448
42096320
42064896
42023012
41283444
42224692
42101448
42121404
42087580
41361256
41380816
41261024
42159968
42035784
41194608
42139468
41245352
42142312
41978244
41069400
42225636
42073392
42071004
41446456
41367360
41380928
42124624
42044016
42207032
41188228
41985976
41238704
41039600
42298492
41057236
41987144
42144504
42096436
42212276
41360688
42186748
41915340
42069880
41975852
41016564
41196968
42068052
42038792
42131612
41560796
41928128
41177356
41242940
41044528
42031556
41328352
42076200
42057196
42068448
42097224
41026056
41175224
42670304
41911792
42032556
41230772
41991660
42102624
42014692
41884256
41214384
42104196
41838728
42175240
42026108
41157072
41912144
