47503216
33885040
33119460
32375988
32772376
33418128
32386840
32527840
32547632
32379284
33400088
32614964
32429912
32516052
32365316
33331820
33416512
32431456
34575236
32532508
32351212
32468268
33149032
32598380
32513720
32367664
33260632
32515652
32395092
33387428
33317732
32281940
32635780
32634080
33233484
33383484
32344144
32511064
32601344
32356608
32474620
32469440
32433436
32517352
32446748
33268012
32567520
32336556
32438968
32409556
32397480
33352628
32338412
32416388
33348252
32424440
32532724
32457328
32379996
33319420
33381372
32445412
32594164
32358704
32515272
32556360
32363632
33333928
33302272
32457476
33339024
32343148
32409420
33345876
32347600
33463764
32541068
32343604
33473824
33336152
32565068
33363440
32410732
32645228
32490604
32334444
33348516
33390988
32392224
32547324
32457140
32403400
33297816
32372148
32516520
33295480
32432440
33321700
33446416
32429912
