52587852
40016460
39387700
39530140
40486624
39441612
40552608
39349252
40441072
39493968
39526864
40338740
39420164
40308024
39614632
40669980
40692696
40423604
39551964
40417148
39439692
40432284
40551820
39361152
40454204
40591572
40552688
39548928
40588472
40524792
39490688
39698908
40268136
39398080
40420152
40394292
39551004
39390340
40377220
40503672
39365332
40437132
40453644
39692328
40417232
39539936
40462512
40445164
40458340
39598012
40593068
39471784
40308308
40354248
39546188
44717624
39318232
39352092
39687676
40174092
39328616
40317860
40643444
39332856
40351384
40339148
40302992
39506268
40271332
40435732
40465824
39542736
39381228
40389576
40435908
40380372
39533768
40570176
40439508
40487952
39500464
40577736
40327200
40345120
41943240
39649120
40918656
40914451
40034520
39890068
45153800
39962600
40059064
40088052
39662896
40258920
39479684
40352480
39384044
39302872
