60348824
48354904
46520864
47367196
47235456
46531164
46333816
46405844
46355160
46369780
46347684
46290204
46341492
46333976
46387176
46387348
46384480
46358620
46276800
47025768
47005120
46350848
46347156
46358976
46352704
46310200
46375724
64738284
65788168
65875760
65837560
65743520
50093308
46449460
46290772
47449900
46393252
46337772
46358804
46419156
46295244
46298916
46322396
46351756
46289240
46328684
46271212
46332760
46327372
46341476
46987264
46390816
46394492
46381668
46321088
47111168
46980640
46998616
46424636
46369044
46376496
46370756
46356832
46999708
46351896
46338612
46342648
46988944
47148896
47030944
46830704
46360800
46460092
46527492
46364136
47146100
47052444
47123340
47082276
46452440
46340532
46271076
46334212
46340456
46962244
47069300
46995332
47041928
47094628
46359760
46980728
46336500
46333184
46360724
46321524
46353284
47143856
47002504
46973860
46381540
