48983792
37406704
39928988
36634436
36451164
36570492
36561624
36523216
36443724
36452160
36495424
36421752
36509424
36511052
36368788
37366496
37406760
36522548
36450804
36537284
36519972
36402860
36526744
36520048
36409172
36500260
37405540
37282308
36528552
36604868
36483352
36439148
36983044
37392180
36503924
36510600
37349576
36507592
36457852
36617844
36544996
36465096
36525820
36613016
36506804
36427168
36519404
36606100
36420516
36530888
36526644
36469784
36546688
37357868
37340776
36459496
36581360
36618836
36472096
37298184
36451320
36386860
36629120
36515448
36542828
36455368
36562092
36588764
36456124
36534416
37444536
37387116
36506044
37452304
37422864
36493672
36684588
36536644
36457444
36418880
37351684
37287044
36492076
36512820
36506084
36463292
36549892
36522392
36540868
36476116
37378724
37505256
38041444
36766244
36804844
36940916
37127964
37393488
36613364
36459840
