67727828
63729504
62949472
63073472
63841112
64014300
62835780
62629308
62541328
62458048
62493136
62409576
62609468
62454128
62422340
62446940
62556744
62623684
62441108
62493112
62496888
62440340
62588712
63623856
62780652
62503772
62445060
62622172
62527316
62823364
63818216
62506496
62638984
62481440
63780388
63824888
63181392
62949296
63065752
62769052
62619560
62503592
63537056
63655156
63848828
62650188
62479956
62570560
62442968
62429284
62625072
63756664
63810296
62462672
62477336
62611604
62429332
62458212
63097476
64292948
65250792
62766020
62574856
62576316
62671556
62650784
64193936
62666184
63496192
64820800
62599140
62829244
62654420
62696812
62926512
62879228
62649852
62658192
62650300
62924660
62482968
62441924
62440800
62584212
63814276
62513152
62511020
62444860
62627352
63726484
63870120
63699916
62646036
63760824
63862576
63934636
64506448
62828444
62579020
62504504
