274291212
272731040
275231928
273673996
271620148
271838644
272327460
274203500
276051964
272785584
274662076
275122132
389837816
272912092
273010596
272132672
271448300
272569008
271495928
271502128
271723124
271383016
271577100
271610436
271530656
271517320
271380816
271498612
271445640
271734804
271376676
271336772
271353260
271392036
271436008
271386964
271439052
271623104
271404868
271308732
271425012
271396176
271680316
271516380
271436204
271589340
271501452
272414096
271491216
271368784
271300320
271534164
276518764
276289860
272405152
272373080
271993072
271474248
272815136
272579084
272452672
272545884
272450752
271660704
271455616
271355340
276436608
273757032
272465140
275812544
277778060
273672224
274497508
275779768
273486444
273095352
274253628
275818944
275393796
271767720
271787184
271768344
271634656
271462216
271667676
272028500
271614128
271459216
271454292
271413512
271376696
271417556
271629436
271392992
271600056
271778528
271692468
271623776
271953088
271727520
