32924016
28735160
26764796
28757676
27525384
27630620
27552956
27083432
28177100
26846804
26728900
26714640
27839880
26970204
27902788
26905432
28437996
27391424
28665316
27516136
27628940
27951640
27053884
27280764
26536304
26926192
26524516
26613924
27168772
27945952
27093128
27963204
26740160
26779012
26664220
26728648
26549812
26874936
27079872
27432736
26730292
27120068
28083280
26654836
26983184
26846208
28360880
26819232
28428700
27495776
28610408
26975548
27125416
26729556
26652320
26731408
27001676
26723820
27342880
26840328
27995572
26887768
28093296
28045912
27063132
28213980
26616176
28351684
27579652
27871084
27062576
27625420
26547816
26706548
26623332
26915924
26932672
26924032
26956824
27937684
27044420
27158824
28153596
26862748
28078296
26955040
27859036
27153020
27958796
26945488
26921144
27088920
28215852
26861536
28217380
27183668
28137880
26645144
27981176
28210720
