35261256
29248224
29854036
28457256
29677100
28336832
29475108
28270064
29440012
28508124
29266932
29238392
28129692
28432768
28096848
28397128
28077544
29332552
28193772
28294600
29049976
28106328
28298228
28082984
28304980
28127812
28378508
28066640
28330492
28138024
28222452
28239768
28093236
28424180
28118452
29454288
28270552
29263440
28039800
28287920
28216148
28123948
29330752
28199360
29191248
28114868
28337452
28067004
28296792
28089888
28789984
28783852
28754396
29739748
28678756
29928176
29576672
28374804
28762400
28737360
28338036
28265184
28451196
28106696
28359832
28097428
28306704
28132344
29144632
28297992
28090176
28392920
28494152
28343612
28402704
29723644
28622440
29624360
29501024
28683812
29676324
28691532
29630316
29075964
29322424
28310124
29177360
29497436
28132052
28277936
28151356
28647260
28210968
28830320
28147564
28253692
29188100
28290856
29592844
28310540
