13789194
11790456
9590616
10638136
9533464
9622132
9529156
9591200
10235424
9901868
9582328
9510080
9520600
9508800
9693760
9519260
9637524
9515720
9609188
10317704
9554624
9569268
9634944
9583288
9996264
9842792
9539956
9507344
9544164
9503296
10254656
9647968
9566932
9556184
9562604
10267860
9533252
9590668
9566652
9528776
10090544
9836012
9604124
9585912
9504124
9544716
10235280
9502992
9567888
9562596
9558460
10329192
9542476
9526720
9678560
9607640
10400508
9903996
9631132
9535692
9553656
9587748
10284624
9603696
9498444
9561648
9551228
10232192
9526932
9505324
9514668
9498688
9585848
9586688
9522808
9562856
9580976
9590404
10254796
9542472
9621280
9508580
9494008
10263328
9548816
9630208
9618284
9530040
9586252
10269120
9533524
9542616
9533528
9569296
9668672
9569032
9533644
9525940
9581148
10247688
