15815054
8117060
8005108
9158824
8024948
8036528
7949316
7951892
8049176
8163732
8982952
7998808
8047908
7929776
7942368
7979132
9034876
8022872
7996360
7997352
7944812
7972864
7986840
7993048
7940016
7942652
8023528
7943216
7973524
8998044
7938544
8013944
7918548
7999020
7977128
8516244
8308612
7948872
7948264
7934388
8005232
7978156
8886708
7963460
7943808
7999916
7954228
8337476
8934776
7925192
7933508
7952432
7942700
7934440
7975820
7974992
7940984
7945540
7946432
7933932
7943440
8012636
7957808
7939304
7960528
7952800
7941048
8117192
8031324
7977492
7973488
7989744
7950172
7934280
8917676
7991800
7963040
8021172
8001492
7951300
8616380
8234876
7999596
7952860
7992268
7988040
7942960
8916416
7922308
7939584
7968380
7942072
7999020
8863548
7966360
7963848
8029968
8013864
7947944
8004500
