32945240
28049404
26783436
27894716
27495212
27406180
26861788
26546344
27789096
26557188
27671664
26705728
27636148
26585040
26626416
26733264
26762088
26546364
27233068
26722052
26620892
26566420
26767844
26567724
26692668
26567600
26679108
26647204
27572084
26630504
27757352
26715084
26843628
26565724
26591164
27816364
26570676
27753348
26584084
26680352
26730780
26751644
26526112
26665312
26629996
26687808
26598048
27612312
26640788
26803248
26656728
27948048
26645532
28178944
26676392
26844888
26945576
26741340
27514352
26780676
27763184
26896732
27847020
26514040
26624920
26918620
26608600
26556740
26638128
26795440
27755440
26933056
26901952
26669116
26620452
26625496
28097576
26510684
26633752
26498028
26780924
26660692
27892156
27865168
26890156
26742864
26662740
26647036
26565576
27099764
26601600
26607740
26702368
27917512
26676420
27686568
26452972
27729976
26515980
27702444
