33414282
25969860
25870292
27320200
26206296
26284760
26056816
26180556
25928636
26216396
25924440
26474504
25905432
26221924
25904808
26212764
26283876
27222972
26121188
27061500
25978308
27025496
26357692
26768272
26970644
26428704
26505568
25877784
26120404
25885776
26032204
25933856
25977484
25932852
25953184
25896528
25932392
25916696
26053280
25882564
26994964
25876280
26884904
25896152
25914420
25887300
25930824
25856576
25953356
25867652
25938928
25854928
25969484
25868164
25906804
25875748
25944464
25855508
25980064
25856248
25945096
25993592
26886376
25865948
27134812
25979812
25912012
25893820
25906156
25861348
25923944
25859848
26012468
25869328
25919492
25847828
25926512
25854776
25919020
25884552
25917920
25878712
25939220
25860988
25974460
25861128
25983856
25865192
25923708
25852896
26047144
25901048
26875008
26055236
26857284
25889172
25944740
25924920
26988680
26001356
